100
6	78
6	25
28	8
9	14
27	91
19	29
7	70
15	88
1	43
27	52
28	84
26	15
14	25
27	100
30	16
8	20
21	88
11	12
30	71
26	46
13	80
20	24
3	27
12	8
28	99
7	71
21	55
9	34
11	31
28	35
3	49
25	46
10	75
12	78
1	40
8	60
28	44
6	80
3	56
13	23
25	14
16	17
5	18
14	23
30	26
11	72
25	69
12	65
26	79
10	13
5	100
4	88
26	61
6	57
11	33
19	14
16	34
6	52
23	82
26	55
20	34
2	9
20	88
13	35
14	82
15	3
22	92
28	96
11	35
10	99
8	17
28	66
22	6
1	45
2	4
19	6
20	89
5	44
18	79
17	18
8	11
9	36
2	82
12	75
27	76
2	5
1	41
29	24
19	100
24	17
23	97
26	31
3	42
15	50
6	95
8	83
28	9
30	57
9	9
9	96
9	30
7	67
25	45
28	49
8	59
4	43
30	74
9	12
28	41
11	6
1	90
1	14
17	53
19	89
12	46
7	40
22	30
25	22
16	67
3	75
20	24
28	64
2	58
16	80
25	50
15	33
29	52
4	81
25	5
15	25
24	85
14	40
13	86
5	22
10	20
9	26
24	48
18	97
14	10
19	61
23	53
1	40
27	24
22	76
29	64
11	67
20	77
18	47
7	85
15	73
28	41
3	19
10	72
21	23
7	60
3	42
6	6
13	8
5	75
19	9
19	39
30	8
25	22
22	22
30	99
30	11
28	74
24	77
11	19
26	25
6	6
19	40
11	38
16	62
11	45
24	16
19	72
2	92
27	84
16	17
30	15
5	78
3	7
30	65
25	3
10	8
7	81
30	24
4	9
13	77
15	97
12	8
20	37
19	4
28	56
3	9
3	74
26	94
12	28
8	30
5	51
16	31
17	49
13	93
22	68
15	77
26	55
3	45
28	49
24	6
17	84
15	5
6	97
10	22
10	13
15	84
21	4
15	60
10	55
5	23
4	2
4	91
26	32
14	55
4	30
10	72
10	95
20	43
2	63
5	44
21	27
13	75
23	66
24	21
15	45
1	14
5	54
16	77
25	9
22	53
12	44
14	21
8	50
21	69
20	44
8	30
7	9
8	40
12	23
7	75
10	31
13	30
9	71
25	23
14	34
11	33
19	99
4	86
5	48
3	82
20	9
24	64
15	27
4	90
26	64
18	63
27	12
22	85
4	23
18	67
3	36
30	12
29	12
12	68
16	80
1	25
17	25
29	65
12	76
7	11
28	16
16	98
6	46
3	6
8	1
14	25
29	16
6	82
7	65
23	70
11	40
6	79
13	82
10	89
27	39
22	77
28	88
14	75
11	75
11	22
8	51
5	21
10	41
7	20
30	78
13	20
15	27
5	22
15	99
10	14
16	43
6	8
17	30
23	24
9	92
18	70
17	46
13	70
25	61
30	53
10	49
2	74
17	81
30	9
13	13
21	38
9	47
14	76
25	30
11	31
24	57
21	87
18	71
8	28
13	100
19	27
24	84
14	95
15	70
15	93
17	33
14	21
24	100
25	48
12	56
13	65
19	19
1	40
27	78
7	59
3	96
17	23
9	66
23	62
12	34
7	22
14	51
28	52
30	53
28	37
27	8
1	47
23	97
29	14
29	43
16	98
12	28
17	30
25	87
27	90
15	47
19	4
29	71
18	19
17	1
12	52
29	98
7	81
26	5
9	48
27	92
18	4
2	36
19	89
29	29
22	25
24	25
23	44
25	52
7	23
10	17
23	20
29	32
27	74
2	74
3	84
16	64
30	72
15	90
16	22
23	49
28	45
11	50
18	60
19	25
15	42
19	85
15	20
15	83
19	98
22	97
3	39
20	44
8	22
23	57
8	21
3	63
13	36
24	11
6	58
24	61
11	60
6	19
23	62
30	64
1	74
6	83
16	61
7	95
15	63
1	2
28	67
17	37
2	84
24	55
11	52
29	69
14	16
17	17
10	100
30	96
19	68
18	85
9	19
8	15
7	22
26	78
4	41
4	77
27	6
30	75
4	14
17	58
21	95
2	46
11	36
28	30
24	39
4	52
4	5
7	56
18	31
12	67
16	61
5	44
7	54
4	34
10	86
1	46
17	26
17	53
7	67
16	12
10	45
30	46
1	20
13	85
25	50
5	52
12	16
19	55
1	84
17	43
4	65
19	57
6	94
4	81
15	66
30	11
29	56
15	19
24	84
16	42
14	55
1	81
7	13
21	34
3	68
22	14
25	66
2	3
28	73
25	4
29	82
2	28
30	17
30	41
22	67
28	20
9	28
27	64
4	92
25	56
6	5
10	2
3	75
18	72
1	93
24	35
10	90
29	33
30	9
1	74
4	23
25	76
14	60
10	6
29	4
5	76
4	15
22	19
25	18
1	80
4	63
19	96
26	34
17	65
30	48
14	8
27	46
30	50
15	22
11	84
2	13
24	2
16	98
21	55
23	11
9	2
22	63
15	86
11	15
30	72
29	89
25	62
24	7
12	77
6	81
19	79
12	39
13	2
18	19
23	92
10	93
23	16
18	20
11	2
15	73
16	49
25	97
5	75
11	93
12	90
2	68
21	7
24	3
4	23
5	73
13	24
11	73
26	52
12	96
25	3
3	67
22	93
29	19
2	22
28	42
23	85
26	5
10	85
19	96
8	90
25	25
23	26
19	51
6	94
4	84
7	99
5	48
4	14
22	8
29	98
12	100
15	34
23	62
6	70
20	36
23	99
28	33
26	19
25	47
3	18
23	73
27	25
13	39
29	26
5	98
27	1
2	85
7	78
18	51
21	28
13	3
19	56
7	95
25	50
3	66
22	39
17	52
4	95
11	84
17	81
20	46
19	89
11	71
28	35
14	75
6	82
30	58
24	46
19	29
16	26
7	2
16	72
21	24
8	60
21	35
21	86
13	63
20	90
24	75
29	13
14	24
16	91
24	9
6	43
14	84
9	13
6	34
7	61
29	93
1	5
20	42
17	45
2	35
28	70
26	53
8	44
14	77
26	78
2	93
1	22
8	44
12	71
6	86
12	27
3	54
18	64
23	51
25	73
19	46
27	5
8	77
16	17
15	96
9	52
1	44
24	49
1	30
7	53
9	4
13	4
4	54
11	63
21	66
14	50
11	94
14	10
30	65
12	71
27	79
24	43
17	4
20	62
30	78
18	65
25	99
12	17
20	38
18	18
1	75
19	27
25	79
5	20
28	32
14	49
1	41
30	7
14	70
9	95
14	99
18	15
6	29
19	67
26	16
12	55
4	69
11	95
9	98
9	15
4	64
19	30
15	37
28	99
18	21
19	80
17	6
26	50
24	8
21	67
27	27
7	25
26	74
27	36
27	97
4	95
15	8
10	54
9	13
15	94
16	66
14	93
8	93
2	96
21	49
30	62
1	19
21	98
11	46
29	33
13	16
10	51
26	66
4	60
18	80
6	67
7	2
16	15
18	19
4	31
9	6
12	56
10	76
7	27
10	48
23	66
28	20
23	72
29	52
20	71
4	46
22	11
22	62
19	87
16	28
27	44
12	41
19	22
17	85
10	7
18	51
2	28
4	56
18	19
18	16
28	86
26	3
2	60
11	100
